1.90 1 0 0
1.91 0.988911938348 1.00030910715 0.999983816966
1.92 0.97792531665 1.00061068014 0.999968147729
1.93 0.967038988146 1.00090469647 0.999952988523
1.94 0.956251822786 1.00119113458 0.99993833552
1.95 0.945562706929 1.00146997387 0.999924185139
1.96 0.934970543054 1.00174119476 0.99991053363
1.97 0.924474249461 1.00200477865 0.999897377193
1.98 0.914072759997 1.00226070802 0.99988471198
1.99 0.903765023778 1.00250896638 0.99987253409
2.0 0.893550004916 1.00274953835 0.999860839573
2.01 0.883426682253 1.00298240965 0.999849624429
2.02 0.873394049109 1.00320756713 0.999838884608
2.03 0.863451113017 1.00342499882 0.999828616009
2.04 0.853596895484 1.00363469393 0.99981881448
2.05 0.843830431744 1.00383664287 0.99980947582
2.06 0.834150770517 1.00403083732 0.999800595777
2.07 0.824556973779 1.00421727021 0.999792169431
2.08 0.815048116532 1.00439593576 0.99978419208
2.09 0.805623286581 1.00456682952 0.999776660178
2.1 0.796281584311 1.00472994841 0.99976956928
2.11 0.787022122479 1.0048852907 0.999762914893
2.12 0.777844025994 1.00503285609 0.999756692471
2.13 0.76874643172 1.00517264571 0.999750897417
2.14 0.759728488267 1.00530466217 0.999745525084
2.15 0.750789355796 1.00542890958 0.999740570774
2.16 0.741928205826 1.00554539359 0.99973602974
2.17 0.733144221039 1.00565412139 0.999731897181
2.18 0.7244365951 1.00575510179 0.999728168248
2.19 0.715804532469 1.00584834524 0.999724838038
2.2 0.707247248223 1.00593386382 0.9997219016
2.21 0.698763967883 1.00601167135 0.999719352975
2.22 0.690353927239 1.00608178334 0.999717186912
2.23 0.682016372182 1.00614421709 0.99971539943
2.24 0.67375055854 1.00619899173 0.999713985379
2.25 0.665555751912 1.00624612818 0.999712939561
2.26 0.657431227516 1.00628564926 0.999712256723
2.27 0.649376270022 1.00631757973 0.999711931565
2.28 0.641390173412 1.00634194626 0.99971195873
2.29 0.633472240819 1.00635877753 0.999712332814
2.3 0.625621784385 1.00636810427 0.999713048359
2.31 0.617838125117 1.00636995925 0.999714099856
2.32 0.610120592745 1.00636437737 0.999715481744
2.33 0.602468525579 1.00635139569 0.999717188411
2.34 0.594881270378 1.00633105343 0.999719214192
2.35 0.587358182216 1.0063033921 0.999721552089
2.36 0.579898624348 1.00626845545 0.999724196811
2.37 0.57250196808 1.00622628957 0.999727143384
2.38 0.565167592648 1.00617694293 0.999730385945
2.39 0.557894885092 1.00612046638 0.999733918574
2.4 0.55068324013 1.00605691328 0.999737735302
2.41 0.543532060046 1.00598633947 0.999741830105
2.42 0.536440754568 1.00590880334 0.999746196908
2.43 0.529408740751 1.0058243659 0.999750829582
2.44 0.522435442872 1.00573309081 0.999755721947
2.45 0.515520292311 1.00563504443 0.999760867769
2.46 0.508662727446 1.00553029587 0.999766260762
2.47 0.501862193548 1.00541891706 0.999771894586
2.48 0.495118142671 1.00530098277 0.999777762849
2.49 0.488430033553 1.00517657069 0.999783857702
2.5 0.481797331515 1.00504576148 0.999790173858
2.51 0.475219508359 1.0049086388 0.999796705059
2.52 0.468696042272 1.00476528941 0.999803444704
2.53 0.462226417731 1.00461580318 0.999810386139
2.54 0.455810125409 1.00446027318 0.999817522658
2.55 0.44944666208 1.00429879573 0.999824847499
2.56 0.443135530533 1.00413147045 0.999832353847
2.57 0.436876239476 1.00395840033 0.999840034833
2.58 0.430668303456 1.00377969177 0.999847883534
2.59 0.42451124277 1.00359545469 0.999855892973
2.6 0.418404583376 1.00340580253 0.99986405612
2.61 0.412347856818 1.00321085237 0.999872365887
2.62 0.406340600139 1.00301072497 0.999880815012
2.63 0.400382355803 1.00280554481 0.999889395676
2.64 0.394472671615 1.00259544021 0.999898101516
2.65 0.388611100645 1.00238054337 0.999906925232
2.66 0.382797201149 1.00216099043 0.999915859468
2.67 0.377030536501 1.00193692154 0.999924896813
2.68 0.371310675111 1.00170848097 0.999934029803
2.69 0.365637190358 1.00147581712 0.999943250916
2.7 0.360009660519 1.00123908267 0.999952552575
2.71 0.354427668697 1.00099843455 0.999961927148
2.72 0.348890802755 1.00075403414 0.999971366948
2.73 0.343398655246 1.00050604724 0.999980864232
2.74 0.337950823348 1.0002546442 0.999990411201
2.76 0.327186517836 0.999742294311 1.00000962276
2.77 0.321869261124 0.999481711587 1.00001927162
2.78 0.3165947537 0.999218441146 1.00002893857
2.79 0.311362614913 0.998952677252 1.00003861553
2.8 0.306172468362 0.998684619204 1.00004829436
2.81 0.301023941835 0.998414471419 1.00005796687
2.82 0.295916667256 0.99814244352 1.00006762481
2.83 0.290850280624 0.997868750427 1.00007725987
2.84 0.28582442196 0.997593612447 1.00008686369
2.85 0.280838735247 0.997317255363 1.00009642785
2.86 0.275892868382 0.997039910529 1.00010594386
2.87 0.270986473121 0.996761814968 1.0001154032
2.88 0.266119205021 0.996483211461 1.00012479727
2.89 0.261290723397 0.99620434865 1.00013411741
2.9 0.256500691266 0.995925481133 1.00014335597
2.91 0.251748775296 0.995646869569 1.00015250342
2.92 0.247034645761 0.995368780775 1.0001615508
2.93 0.242357976492 0.995091487831 1.00017048921
2.94 0.237718444824 0.994815270188 1.00017930972
2.95 0.233115731558 0.994540413768 1.00018800332
2.96 0.228549520906 0.994267211079 1.00019656095
2.97 0.224019500453 0.99399596132 1.00020497348
2.98 0.219525361108 0.993726970494 1.00021323174
2.99 0.215066797062 0.993460551521 1.00022132647
3.0 0.210643505743 0.993197024353 1.00022924839
3.01 0.206255187777 0.992936716088 1.00023698813
3.02 0.20190154694 0.992679961092 1.00024453628
3.03 0.197582290125 0.992427101115 1.000251884
3.04 0.193297127295 0.992178485417 1.00025902267
3.05 0.189045771444 0.991934470884 1.00026594125
3.06 0.18482793856 0.991695422164 1.00027263006
3.07 0.180643347586 0.991461711783 1.00027907938
3.08 0.17649172038 0.991233720282 1.00028527942
3.09 0.172372781678 0.991011836344 1.00029122033
3.1 0.168286259059 0.990796456928 1.00029689221
3.11 0.164231882906 0.990587987403 1.00030228507
3.12 0.160209386372 0.990386841688 1.00030738889
3.13 0.156218505343 0.990193442385 1.00031219357
3.14 0.152258978407 0.990008220924 1.00031668896
3.15 0.148330546815 0.989831617706 1.00032086483
3.16 0.14443295445 0.989664082247 1.00032471091
3.17 0.140565947793 0.989506073323 1.00032821901
3.18 0.136729275892 0.989358059124 1.0003313773
3.19 0.132922690328 0.989220517402 1.00033417464
3.2 0.129145945182 0.989093935626 1.00033660046
3.21 0.125398797008 0.988978811138 1.00033864418
3.22 0.121681004798 0.988875651309 1.00034029511
3.23 0.117992329956 0.988784973705 1.00034154254
3.24 0.114332536264 0.988707306244 1.00034237566
3.25 0.110701389853 0.988643187366 1.00034278361
3.26 0.107098659178 0.988593166196 1.00034275547
3.27 0.103524114985 0.98855780272 1.00034228025
3.28 0.0999775302847 0.988537667953 1.0003413469
3.29 0.0964586803263 0.988533344116 1.0003399443
3.3 0.092967342567 0.988545424814 1.00033806193
3.31 0.0895032966474 0.988574515217 1.0003356902
3.32 0.0860663243643 0.988621232241 1.00033281542
3.33 0.0826562096446 0.988686204734 1.00032942622
3.34 0.0792727385194 0.988770073667 1.00032551112
3.35 0.075915699099 0.988873492324 1.00032105861
3.36 0.0725848815476 0.988997126491 1.00031605709
3.37 0.0692800780588 0.989141654663 1.0003104949
3.38 0.0660010828311 0.989307768234 1.00030436033
3.39 0.0627476920442 0.989496171702 1.00029764159
3.4 0.0595197038353 0.989707582879 1.0002903268
3.41 0.056316918276 0.989942733095 1.00028240406
3.42 0.0531391373488 0.990202367409 1.00027386136
3.43 0.0499861649253 0.990487244825 1.00026468664
3.44 0.0468578067433 0.990798138512 1.00025486936
3.45 0.0437538703851 0.991135836021 1.00024439632
3.46 0.0406741652559 0.99150113951 1.00023325447
3.47 0.037618502562 0.991894865972 1.00022143146
3.48 0.0345866952905 0.992317847465 1.00020891488
3.49 0.0315785581879 0.992770931347 1.00019569221
3.5 0.0285939077397 0.99325498051 1.00018175092
3.51 0.0256325621505 0.993770873625 1.00016707837
3.52 0.0226943413241 0.994319505384 1.00015166186
3.53 0.0197790668435 0.994901786746 1.00013548862
3.54 0.0168865619519 0.995518645192 1.0001185458
3.55 0.0140166515333 0.996171024975 1.00010082051
3.56 0.0111691620941 0.996859887385 1.00008229975
3.57 0.00834392174423 0.997586211004 1.00006297056
3.58 0.00554076017874 0.998350991978 1.00004282003
3.59 0.00275950866007 0.999155244282 1.00002183427
3.6 0 0 0
